%YAML:1.0
---
K: !!opencv-matrix
   rows: 3
   cols: 3
   dt: d
   data: [ 6.0706956554891383e+02, 0., 3.3106843996448600e+02, 0.,
       6.0805461009350893e+02, 2.4665175966971185e+02, 0., 0., 1. ]
D: !!opencv-matrix
   rows: 1
   cols: 5
   dt: d
   data: [ 6.2798365136468928e-02, 3.2061487414466883e-01,
       2.3588572426212814e-03, 4.7416287320211956e-05,
       -1.4914237612447832e+00 ]
